-13.822652 -1.6939965 2.9048367
-11.285659 1.0673951 2.2753396
-8.049225 2.4024806 3.6658685
-6.6126037 5.898914 3.7914073
-2.9470177 5.638122 4.7658725
-0.17034006 8.200244 5.070308
3.4761715 7.3199344 4.7357764
6.3867493 9.353252 6.0852056
10.033869 8.563913 5.3962646
13.15711 10.219674 6.799023
16.310513 9.171955 4.997576
19.930336 9.611372 6.0083632
22.573452 8.508188 3.5494907
26.352942 8.351894 4.121294
27.472 11.846759 3.1584537
24.197388 13.71737 2.6487653
24.412464 16.878258 4.7446885
20.719696 17.017426 5.6803355
18.237883 14.124777 5.9768147
15.703299 13.736614 3.1799476
12.019785 13.685066 4.034735
9.150279 12.540616 1.8646097
5.4702983 12.075965 2.6332664
2.8563004 10.321857 0.46746853
-0.8168571 9.560926 0.9630702
-2.915747 6.8010273 -0.52374315
-6.635968 6.056047 -0.58368427
-6.4164824 2.3118804 -1.2070061
-4.1585765 1.3932465 -4.1589246
-4.200227 5.0472326 -5.3439584
-1.6440465 7.6804237 -4.300803
-3.0922232 11.181116 -4.442026
-0.5348697 13.481774 -2.769808
3.1732695 13.742807 -2.331948
5.680867 15.982567 -0.5799177
9.437987 15.591867 -1.0141045
12.027307 17.62126 0.85885197
14.262793 17.42111 -2.2259798
11.274141 19.447113 -3.582158
5.533034 22.04302 -2.1109416
2.8644195 19.407059 -1.3420861
1.8694272 18.251276 -4.843515
-1.1322341 16.226704 -6.164786
-0.66559696 12.755333 -7.6443224
-4.147826 11.709005 -8.6449375
-5.7611256 13.535981 -11.568557
-8.938198 14.081608 -9.559875
-7.0974903 16.019188 -6.8586946
-6.689515 19.04454 -9.10849
-10.158042 20.004782 -7.812914
-8.85211 21.375746 -4.5053773
-8.4442835 25.06088 -3.5111763
-4.941546 26.479649 -3.4089563
-5.8168397 27.246195 0.22624274
-5.6956353 23.477877 0.5744838
-2.2117429 22.804949 -0.7181099
-1.1591544 25.817286 1.3244188
-2.5767798 24.06755 4.389467
-1.0909534 20.697584 3.4043057
2.3420672 21.991379 2.550235
2.4120603 23.812065 5.8659134
1.6993346 20.546959 7.702411
4.2492657 18.445301 5.81295
6.7444525 21.241982 6.485069
6.0415525 20.838306 10.184453
5.9348474 17.063663 10.343258
9.270983 17.019547 8.542677
11.112222 19.134167 11.142462
9.713885 16.750097 13.744296
10.60417 13.54051 11.908642
14.202495 14.525179 11.203666
14.643447 15.542086 14.846345
13.379426 12.127496 15.9039545
15.546616 10.105223 13.5289955
18.598133 11.955288 14.839058
17.439613 11.365963 18.391266
17.126495 7.624322 17.89552
20.354294 7.262945 15.932224
21.83746 8.7798195 19.08189
20.10728 6.68204 21.708403
21.154617 3.5274704 19.855238
24.595982 5.087616 19.609571
25.04458 4.350911 15.866339
27.616505 5.653059 13.364994
26.189566 9.124376 12.674822
27.399284 8.973867 9.066256
25.805395 6.21632 6.9888625
22.306866 4.794984 6.434665
19.44533 5.519766 8.829584
15.727344 5.4092374 8.131702
12.676349 6.529069 10.024585
9.396813 5.220765 8.61008
5.90893 5.980443 9.867403
2.4687924 4.826563 8.673029
-0.937412 5.69823 9.954448
-4.4198937 5.46816 8.51301
-8.07503 4.722184 8.930191
-9.992027 1.72811 7.6859097
-13.391946 3.0153425 6.5811067
-16.301441 0.82486373 5.5088696
-18.224596 1.0715913 2.241852
-20.843754 3.0824277 4.1646547
-18.624805 5.875141 5.5146694
-18.352297 4.243006 8.925182
-15.102277 3.802562 10.82966
-13.955612 0.15118107 10.904779
-10.481751 0.49836382 12.34272
-7.1922793 2.3242698 12.037946
-3.4485538 1.8834412 12.201608
-0.2637589 3.5623734 13.286715
3.3404326 2.3744683 13.326411
6.7765975 3.9348147 13.543876
10.319102 2.5802577 13.046912
13.948902 3.4356267 13.246519
14.231721 0.4656423 10.903223
16.154573 -2.3501208 12.540434
16.28142 -0.7224733 15.961735
13.004522 0.55540115 17.279596
9.354246 -0.07008281 16.726505
6.4472203 1.7440976 18.284866
3.11693 0.38486287 17.173216
-0.5133661 1.0803723 17.913116
-2.3851895 -2.2172854 18.357822
-5.610447 -3.2633843 16.630981
-7.186256 -2.7701874 20.048918
-6.3487387 0.84776765 19.15821
-5.9531016 1.1476848 22.94475
-2.5667157 -0.5016884 23.52344
0.95549 -0.19902635 22.089317
3.987321 -2.2908292 21.16757
7.283487 -0.73970455 22.208284
10.436339 -2.407069 20.836119
14.108813 -1.4003745 21.06353
16.335949 0.8003581 23.262909
14.264613 3.8637784 22.461273
10.565902 3.3427346 22.196737
11.020682 0.2738026 24.33002
11.039016 3.1286309 26.818817
7.832166 4.5592947 25.337984
5.0800962 6.1662626 27.449383
-3.3482819 10.749446 26.213957
-1.0161524 9.999314 23.297478
-3.3188512 7.079707 22.631744
-6.595813 9.016263 22.670603
-4.9626255 11.472008 20.274511
-4.744193 8.7871475 17.618183
-7.9861274 7.085139 18.53902
-9.414813 10.496767 17.709494
-7.4651256 11.615042 14.673934
-8.238216 8.2139 13.213992
-11.97112 8.119068 14.008371
-12.324825 11.851391 13.381131
-10.108923 13.938007 11.118102
-8.78096 10.889086 9.221605
-12.258728 9.561147 8.392961
-13.481337 13.038833 7.579903
-10.407046 13.223675 5.323402
-11.3324995 9.900906 3.7724648
-15.006837 10.644491 3.134463
-14.0485325 13.952736 1.5332954
-11.634729 12.051031 -0.71952754
-14.219195 9.542851 -1.8560936
-16.506231 12.464172 -2.5988672
-13.904208 13.800674 -5.0445023
-12.857152 10.563064 -6.756907
-15.705975 8.046102 -6.4565597
-15.775375 7.864505 -10.262188
-12.270432 6.3587604 -10.521965
-11.924123 5.077731 -6.9551187
-14.950047 2.8255703 -6.9726777
-14.633858 1.5751728 -10.543074
-14.383115 -2.1039565 -11.430876
-12.121109 -2.7688897 -14.404187
-12.187871 -6.4110384 -15.450986
-9.073582 -8.454514 -16.334486
-8.172727 -8.950219 -19.973228
-7.111129 -12.600723 -19.690784
-5.410004 -15.230639 -21.873514
-3.1039739 -18.257984 -21.78091
0.39111757 -18.91347 -23.156311
2.2258878 -22.14052 -24.032265
5.949411 -22.376865 -23.335333
8.262599 -25.31167 -24.057257
10.94528 -26.52068 -21.641111
5.7642837 -27.637714 -20.689388
4.6873374 -24.517614 -18.79831
1.2758508 -22.9072 -19.309874
0.8556752 -19.298376 -18.151236
-2.4880362 -17.664797 -17.219757
-2.393763 -13.852494 -17.628904
-4.730639 -11.230691 -16.130909
-4.1494555 -7.63687 -17.259962
-5.41616 -4.098688 -16.666813
-7.7510314 -5.0206013 -13.842945
-8.816927 -2.8487575 -10.934442
-9.306593 -3.3262987 -7.9499087
-6.195598 -5.3761525 -7.33072
-7.9618964 -8.195343 -5.5029836
-7.9763823 -11.022742 -8.024609
-7.7928233 -14.85028 -8.109186
-5.822561 -17.143064 -10.442652
-5.790887 -20.927711 -10.030911
-5.0997944 -24.032948 -12.136351
-6.716076 -27.45552 -12.083891
-5.5578876 -30.8284 -13.356334
-8.805524 -32.313583 -14.628589
-11.050479 -29.958778 -12.677657
-9.179176 -30.755047 -9.45844
-7.6598277 -28.060331 -7.2144656
-4.0727506 -28.571438 -8.390926
-1.6970363 -27.118483 -5.7812123
2.0801692 -27.161184 -5.2795296
3.3997922 -27.945915 -8.778244
2.4624496 -24.395834 -9.859248
3.8595662 -20.848375 -9.596655
2.0979924 -17.939028 -7.839437
3.8707938 -14.562357 -8.402162
2.6845322 -11.193029 -7.105369
0.30876565 -8.623686 -8.523335
2.3330767 -5.831314 -10.13838
1.1461233 -2.4396188 -11.465582
0.38536996 -1.923247 -15.142167
1.4590269 1.6755394 -14.668893
-1.9014189 3.2421696 -15.505204
-3.6285112 2.5991313 -12.191512
-4.6421375 -1.0025212 -12.85936
-2.7662473 -4.2448215 -12.231086
-1.3253036 -7.4106636 -13.715205
-0.88217115 -10.910923 -12.374792
-0.019165039 -14.343914 -13.714591
0.14928246 -17.977053 -12.651706
1.7338996 -20.902864 -14.397823
2.2381434 -24.629717 -14.143768
4.385389 -27.414696 -15.500415
2.665403 -30.174492 -17.466253
3.942614 -33.16843 -19.58145
4.5720687 -32.30853 -23.270767
1.2475095 -32.6942 -25.029217
-0.59577227 -33.91685 -21.915241
-1.7331147 -30.28665 -21.600328
-5.5432982 -29.98909 -21.866991
-5.955091 -31.737043 -18.495352
-5.283916 -28.254381 -17.030233
-7.5874615 -25.227596 -16.845953
-7.109157 -21.891209 -15.094327
-9.931362 -20.121021 -13.318436
-10.011918 -16.34405 -12.976738
-12.166047 -14.647592 -10.353797
-12.541616 -10.8631115 -10.151235
-14.936015 -8.203093 -8.936184
-15.352826 -6.762443 -12.416583
-16.46717 -9.948245 -14.170008
-19.991268 -11.25078 -14.86873
-18.914324 -14.491873 -13.248112
-15.988854 -16.97706 -13.063917
-13.92437 -17.320414 -16.210752
-12.2413435 -20.502695 -17.347435
-9.305412 -20.881184 -19.722462
-7.425158 -23.777634 -21.319487
-4.566751 -23.878775 -23.819483
-6.1717653 -22.568449 -27.000914
-14.247765 -1.4439659 2.212031
-11.785765 1.3870354 1.4910312
-8.575766 2.7770348 2.988031
-6.588766 5.9790344 3.302031
-2.8657646 5.622034 4.025031
0.16823578 7.884035 4.236031
3.6382332 6.3800354 4.0020313
6.701233 8.337035 5.005031
10.376236 7.4680347 4.6090307
13.147236 9.508035 6.145031
16.844234 8.647035 5.497031
19.812233 10.349035 7.130031
22.741234 11.308035 4.868031
25.732235 12.281035 6.994031
28.538239 13.928035 5.012031
26.313232 14.348035 1.9640312
23.446236 16.775036 2.828031
20.237236 16.924034 4.905031
17.913235 13.968035 5.518031
15.795235 12.858035 2.6090312
12.056236 12.885035 3.329031
9.408234 11.367035 1.0820308
5.6982346 11.273035 1.8060312
2.9532356 9.570035 -0.21296883
-0.80576706 9.325035 0.3580308
-3.1157646 6.6940346 -1.138969
-6.7787647 5.922035 -1.2549691
-7.177765 2.2040348 -1.8519692
-4.5537643 1.3630352 -4.5149693
-4.4427643 4.893036 -6.0289693
-1.786766 7.429035 -5.136969
-3.1667671 10.950035 -4.8829694
-0.45876694 13.133035 -3.2529693
3.244236 13.272035 -2.5609689
6.091236 15.343035 -1.1209693
9.808235 14.822035 -1.7529693
12.385235 16.868034 0.12403107
14.677235 16.805035 -2.945969
11.990234 17.910034 -5.449969
4.7122345 21.574036 -1.8669686
2.454235 18.628035 -1.3499694
1.7542343 17.792034 -5.0029693
-1.3607635 16.132034 -6.5149693
-0.98776627 12.795035 -8.32597
-4.633766 11.972035 -9.027969
-7.1417656 14.189035 -10.86297
-9.905766 14.346035 -8.256969
-7.536766 15.882034 -5.7059693
-6.8347645 18.749035 -8.181969
-10.380766 19.920034 -7.379969
-9.174765 21.064035 -3.9569688
-8.446766 24.762035 -3.5629687
-5.531765 26.794035 -2.1519694
-6.4577656 26.514034 1.5670309
-6.1457634 22.759035 1.2150311
-2.7097664 22.707035 -0.519969
-1.2717667 25.272036 1.8450308
-2.4617653 23.176035 4.782031
-1.1657639 19.841034 3.487031
2.1902351 21.446035 2.6340308
2.409233 22.956036 6.118031
1.6342354 19.628035 7.765031
3.9482346 17.544035 5.616031
6.7882347 20.009035 6.460031
6.051235 19.648035 10.19803
6.154236 15.820035 9.684031
9.488235 16.208035 7.936031
10.749233 18.259035 10.881031
9.604237 15.814035 13.552031
11.378235 13.058035 11.623032
14.504234 15.135035 11.301031
14.572235 15.382034 15.089031
13.576233 11.725035 15.529032
16.724236 10.554035 13.649031
18.842236 12.372035 16.26703
17.001236 10.916035 19.221031
17.015236 7.3590345 17.90203
20.755234 7.4390354 17.387032
21.074234 8.568035 20.998032
18.694233 5.856035 22.262032
20.744236 3.1270351 20.54803
24.159233 4.7650356 21.328032
24.962234 4.836035 17.60703
27.913239 6.615034 16.03803
26.614235 9.650035 14.29203
28.351234 8.613035 11.176031
25.980232 6.339035 9.395031
22.914234 6.4440346 7.195031
19.810234 5.414036 9.099031
16.190235 4.9320354 8.029031
12.918236 5.7690353 9.747031
9.565235 4.6800346 8.256031
5.977234 5.572035 9.309031
2.5892334 4.438034 8.059031
-0.7647667 5.589035 9.398031
-4.328766 5.528034 8.183031
-7.925766 4.454035 8.563031
-10.236765 1.9360352 6.922031
-13.989765 2.148035 6.417031
-16.395765 -0.66796494 5.581031
-19.066765 -0.8909645 2.8650308
-21.242765 1.6260357 4.7260313
-18.344765 4.122034 4.736031
-18.080765 4.0190353 8.498031
-14.9127655 3.5060349 10.539031
-13.697765 -0.0839653 10.633031
-10.130766 0.17003441 11.754031
-7.1557655 2.4290352 12.347031
-3.3967667 2.0330353 12.45503
-0.10276413 3.801035 12.965031
3.1482353 1.8540344 12.52103
6.7612343 3.089035 12.915031
10.012234 1.3510342 11.868031
13.678234 2.0680351 12.42403
16.276234 0.57803535 10.057031
13.657234 -1.8109646 8.617031
12.357235 -3.3029652 11.877031
9.2502365 -2.6109657 13.918032
9.959236 0.01703453 16.53203
6.466236 1.0280342 17.87203
2.8562355 0.45103455 16.73903
-0.6017647 1.4530354 17.92403
-2.5877647 -1.7029648 18.71603
-6.008766 -2.3409653 17.14903
-7.7967644 -0.9989643 20.28403
-6.4037647 2.4790344 19.41603
-5.562767 2.8680344 23.064032
-2.1727638 1.2520351 23.75803
1.2102356 0.52903557 22.11103
3.4582329 -2.3729649 21.19103
7.130234 -1.469965 21.630032
9.633236 -3.792965 19.95903
12.6252365 -3.094965 22.211031
13.937233 -0.97896576 25.113031
14.401234 2.143036 23.012032
10.737236 1.8840351 21.950031
9.694233 1.3890343 25.59103
11.177235 4.8280354 26.29103
9.030235 6.2650356 23.513031
6.0422363 4.3400345 24.849031
-1.7117653 10.859035 26.12803
-0.7767639 10.499035 22.464031
-2.9637642 7.478035 21.59003
-6.0077667 9.582035 22.495031
-5.1387634 12.402035 20.11803
-4.2687645 9.833035 17.43403
-7.505766 7.9010353 18.113031
-9.694765 11.043035 17.62103
-7.9877644 11.523035 14.184031
-8.257765 7.907035 13.04903
-11.946766 7.761035 14.075031
-12.7877655 11.355035 13.0660305
-10.835766 13.415035 10.561031
-9.2877655 10.495035 8.711031
-12.661766 8.881035 7.995031
-14.365765 12.189035 7.197031
-11.818766 12.973035 4.467031
-11.633766 9.419035 3.192031
-15.388765 9.805035 2.546031
-14.940765 13.246035 0.9570308
-12.2287655 11.887035 -1.3549685
-14.435764 8.903035 -2.3079686
-17.375765 11.134035 -3.355969
-15.212765 13.682035 -5.1919694
-13.166765 10.994035 -6.978969
-16.137766 8.680035 -7.5339694
-15.477766 8.107035 -11.25597
-12.131765 6.374035 -10.65497
-11.969765 5.3280354 -7.0009694
-15.381765 3.5850353 -7.067969
-14.652765 1.8970356 -10.399969
-13.439766 -1.5699654 -11.011969
-11.4787655 -2.4259644 -14.131969
-12.106766 -6.1079655 -14.732969
-9.000765 -8.004965 -15.822969
-8.303764 -8.776964 -19.466969
-7.175766 -12.364964 -19.566969
-5.538765 -14.905964 -21.84397
-3.170765 -17.844967 -21.84797
0.11023331 -18.651966 -23.57997
1.6172333 -22.028965 -24.476969
5.378235 -22.669964 -24.51697
7.0072365 -26.040966 -25.287968
10.225235 -26.435966 -23.27997
5.1962357 -27.257965 -21.76797
4.9902344 -24.049965 -19.75397
1.3842354 -22.791965 -19.587969
1.0152359 -19.197964 -18.44397
-2.0977669 -17.366966 -17.22097
-2.090767 -13.585964 -17.69097
-4.159767 -10.934963 -15.89797
-3.8097649 -7.405966 -17.288969
-5.335766 -3.969965 -16.816969
-7.1537647 -4.575966 -13.50597
-8.007765 -2.4309654 -10.489969
-7.7857647 -2.759966 -7.511969
-4.6247635 -4.844965 -7.122969
-6.321766 -7.6619644 -5.1519694
-6.517765 -10.792965 -7.325969
-6.1717644 -14.566963 -7.214969
-4.8867645 -16.622967 -10.118969
-4.790764 -20.359966 -9.469969
-4.2357635 -23.407967 -11.618969
-6.3417645 -26.577965 -11.30097
-5.722767 -30.025967 -12.81197
-8.938765 -32.036964 -13.33997
-10.6037655 -29.521965 -10.954969
-8.134766 -30.146965 -8.093969
-6.0147667 -27.229965 -6.8739686
-2.3117638 -26.987965 -7.7089686
-1.0677643 -24.425964 -5.166969
1.9142342 -26.799965 -4.9959693
3.614235 -26.412964 -8.417969
2.3992348 -23.115967 -9.91997
4.8652344 -20.208965 -10.16197
3.2262344 -16.913963 -9.174969
4.694233 -13.448963 -9.69997
4.1342354 -10.682964 -7.225969
1.501236 -8.2919655 -8.609968
3.0652351 -5.358965 -10.42697
1.9792366 -1.889965 -11.472969
1.2682343 -1.2099648 -15.14797
2.2382355 2.457035 -14.660969
-1.175766 3.6850357 -15.868969
-2.9707642 3.0570354 -12.566969
-3.795765 -0.5969658 -13.30397
-2.137764 -3.8959656 -12.454969
-0.8157654 -7.122965 -13.90497
-0.06276703 -10.6479645 -12.805969
0.69023514 -14.073963 -14.16197
0.74923325 -17.650967 -12.86997
2.6432343 -20.367966 -14.757969
2.5262337 -24.182964 -14.58897
4.919235 -26.638966 -16.29697
2.8952332 -29.562965 -17.60597
3.591236 -32.965965 -19.21597
3.0062332 -32.901966 -22.98497
-0.49076462 -34.002964 -24.01997
-2.175766 -32.961964 -20.747969
-2.9857635 -29.272964 -21.53697
-6.729765 -29.811966 -21.99597
-6.7477646 -31.032967 -18.35097
-5.4957657 -27.750965 -16.865969
-7.642765 -24.680965 -16.20697
-6.9367657 -21.191963 -14.81897
-9.352766 -19.481964 -12.41197
-9.470766 -15.755966 -11.837969
-11.082766 -14.035965 -8.88097
-11.284765 -10.261967 -9.042969
-13.841764 -7.792965 -7.6029687
-14.582766 -6.4929657 -11.13397
-15.799765 -9.880966 -12.447969
-19.546764 -10.774963 -12.41597
-18.527765 -14.342964 -11.53297
-15.063765 -16.017963 -11.35397
-13.432766 -17.015965 -14.680969
-12.401766 -20.464966 -15.73197
-10.065765 -20.369965 -18.73797
-9.821766 -23.657967 -20.54197
-7.479765 -25.257965 -23.04197
-10.009766 -25.891964 -25.76197
