28.752 10.715 51.064
28.114 13.929 52.993
25.709 16.827 53.083
26.171 20.456 54.043
22.73 22.03 54.412
21.569 25.459 55.535
18.158 26.089 57.002
16.376 29.441 57.126
13.094 30.04 58.934
10.937 33.171 59.024
8.212 33.003 61.638
5.141 35.171 62.07
2.976 34.544 65.098
-0.413 36.13 65.895
0.577 39.292 67.743
4.36 39.404 67.345
5.211 42.854 66.002
8.156 41.754 63.846
8.764 38.347 62.222
11.378 36.115 63.829
14.242 34.83 61.72
16.619 32.005 62.509
19.3 30.34 60.414
21.165 27.097 61.192
23.762 25.096 59.303
24.542 21.409 59.478
27.32 19.231 58.086
25.466 15.912 58.135
23.833 15.134 61.509
25.929 17.89 63.173
24.81 21.518 63.549
27.762 23.89 63.726
26.329 27.427 63.47
23.235 29.301 64.432
21.795 32.79 64.075
18.553 33.855 65.752
16.913 37.234 65.279
15.68 37.023 68.883
19.502 37.124 69.391
25.233 37.463 66.407
26.009 34.346 64.323
27.126 31.866 67.004
28.982 28.493 66.823
27.259 25.245 67.792
29.917 22.615 67.302
32.864 22.623 69.711
35.315 22.414 66.817
34.06 25.664 65.3
35.729 27.735 68.003
38.798 27.543 65.728
37.571 30.275 63.371
38.78 33.914 63.195
36.502 36.595 64.579
36.735 38.018 61.045
34.718 34.938 60.161
31.775 35.384 62.485
31.863 39.032 61.466
31.466 37.896 57.858
28.817 35.304 58.752
26.767 37.554 60.971
26.795 40.17 58.238
25.365 37.641 55.768
22.656 36.294 58.078
21.757 39.923 58.8
21.261 40.431 55.08
19.478 37.194 54.288
17.087 37.963 57.128
15.942 41.334 55.733
15.332 39.518 52.456
13.466 36.558 53.946
11.091 38.656 56.037
10.338 40.834 53.006
9.486 37.711 51.032
7.254 36.126 53.665
5.274 39.366 53.846
5.106 39.483 50.069
3.67 35.988 49.811
1.255 36.39 52.711
-0.012 39.271 50.586
-0.21 37.573 47.214
-2.177 34.719 48.785
-4.251 37.389 50.49
-4.085 35.784 53.976
-5.011 37.181 57.405
-1.959 39.367 58.09
-2.18 38.618 61.818
-1.681 34.957 62.717
0.701 32.136 61.75
2.881 32.329 58.642
6.119 30.5 57.94
8.771 30.8 55.29
11.231 27.9 55.211
14.228 27.516 52.932
16.845 24.751 52.618
19.822 24.504 50.364
22.983 22.439 50.411
25.591 20.434 48.603
26.046 16.695 48.582
29.794 16.071 48.593
31.432 12.67 48.189
33.954 11.088 50.549
36.669 12.339 48.169
35.837 16.061 48.168
33.994 15.823 44.864
30.591 17.36 44.2
27.835 14.715 43.952
24.739 16.876 43.924
22.936 19.694 45.672
19.537 20.895 46.786
17.416 23.973 47.194
13.801 24.437 48.252
11.62 27.248 49.529
8.105 27.378 51.032
5.423 29.657 52.281
4.306 26.498 54.06
0.928 25.37 52.786
0.789 27.876 49.945
3.846 28.042 47.769
6.742 25.843 46.875
9.691 26.695 44.696
12.096 23.824 44.312
15.306 23.167 42.448
15.169 19.707 40.84
17.786 16.958 41.11
18.527 17.793 37.482
19.796 20.968 39.183
18.698 22.556 35.888
14.912 22.701 36.298
12.445 23.957 38.923
9.103 23.114 40.516
6.837 26.114 40.984
3.708 25.546 43.103
1.057 27.981 44.366
-0.274 31.46 43.491
3.148 32.998 43.983
6.066 30.958 42.823
3.679 29.166 40.528
4.452 32.394 38.704
8.198 31.856 39.153
10.783 32.764 36.487
20.389 32.877 35.355
18.767 32.285 38.75
19.443 28.631 38.071
23.128 28.968 37.178
23.526 31.005 40.361
22.677 27.968 42.451
24.352 25.466 40.173
27.41 27.557 40.976
27.046 28.377 44.645
26.394 24.689 45.165
29.293 23.328 43.087
31.555 26.196 44.139
31.252 28.195 47.348
29.111 25.533 49.076
31.587 22.716 48.384
34.5 24.953 49.256
32.55 25.671 52.459
32.086 21.96 53.021
35.688 20.901 52.417
36.876 23.64 54.765
34.466 22.297 57.393
35.692 18.736 57.113
39.212 20.082 57.451
38.264 21.538 60.845
36.223 18.656 62.273
37.321 15.423 60.575
38.207 14.064 64.023
34.593 14.122 65.27
32.821 14.264 61.905
34.273 11.088 60.479
34.259 9.041 63.676
32.474 5.709 63.99
30.966 5.144 67.426
29.504 1.665 67.779
26.107 0.909 69.374
25.985 -0.272 72.964
23.251 -2.887 72.495
21.069 -5.125 74.687
17.638 -6.755 74.937
14.714 -6.315 77.344
11.815 -8.608 78.285
8.404 -7.075 78.934
5.208 -8.874 79.951
1.785 -8.071 78.49
5.366 -10.853 75.586
7.332 -8.029 73.964
11.104 -8.197 73.477
12.932 -4.911 72.842
16.311 -4.586 71.055
18.183 -1.399 72.079
21.06 0.361 70.289
22.59 3.337 72.114
25.231 6.042 71.686
26.065 5.168 68.106
27.316 7.496 65.399
26.777 7.807 62.401
23.018 7.508 62.611
22.692 4.929 59.845
21.937 1.716 61.705
19.943 -1.523 61.232
17.735 -3.408 63.713
15.77 -6.519 62.736
14.187 -9.554 64.42
13.869 -13.138 63.244
11.563 -15.955 64.285
13.876 -18.95 64.058
16.437 -17.242 61.841
13.703 -16.168 59.418
13.196 -12.54 58.329
10.217 -11.877 60.609
8.299 -8.853 59.289
4.984 -7.192 60.168
4.336 -8.407 63.732
7.109 -6.074 64.964
7.596 -2.375 65.792
10.067 -0.053 64.015
10.354 3.398 65.709
12.676 6.208 64.635
16.262 7.007 65.506
16.307 9.734 68.164
19.272 11.753 69.508
21.047 10.751 72.703
21.78 14.427 73.23
25.566 14.142 73.053
25.907 13.907 69.284
25.169 10.193 68.957
21.866 8.368 68.526
19.474 5.779 69.896
17.078 3.367 68.257
15.007 0.357 69.245
12.844 -2.367 67.742
10.511 -4.772 69.443
8.215 -7.689 68.789
5.384 -9.623 70.355
5.961 -13.303 71.106
3.942 -16.006 73.026
4.719 -16.149 76.784
7.748 -18.381 77.154
7.953 -19.223 73.434
10.597 -16.472 73.323
14.007 -17.855 72.257
12.692 -18.484 68.726
13.468 -14.766 68.178
16.83 -13.05 67.674
17.628 -9.448 66.77
20.432 -8.532 64.414
22.253 -5.215 64.679
24.256 -3.828 61.77
26.362 -0.668 62.059
29.374 1.014 60.515
31.262 1.007 63.801
31.072 -2.726 64.504
33.568 -5.5 63.68
30.698 -7.344 62.051
26.988 -8.227 62.525
25.844 -8.65 66.102
23.157 -11.047 67.236
21.078 -10.906 70.408
18.475 -13.119 72.082
16.626 -12.81 75.386
19.377 -13.322 77.952
23.971 -24.54 -4.913
26.433 -21.709 -5.634
29.643 -20.319 -4.137
31.63 -17.117 -3.823
35.353 -17.474 -3.1
38.387 -15.212 -2.889
41.857 -16.716 -3.123
44.92 -14.759 -2.12
48.595 -15.628 -2.516
51.366 -13.588 -0.98
55.063 -14.449 -1.628
58.031 -12.747 0.005
60.96 -11.788 -2.257
63.951 -10.815 -0.131
66.757 -9.168 -2.113
64.532 -8.748 -5.161
61.665 -6.321 -4.297
58.456 -6.172 -2.22
56.132 -9.128 -1.607
54.014 -10.238 -4.516
50.275 -10.211 -3.796
47.627 -11.729 -6.043
43.917 -11.823 -5.319
41.172 -13.526 -7.338
37.413 -13.771 -6.767
35.103 -16.402 -8.264
31.44 -17.174 -8.38
31.041 -20.892 -8.977
33.665 -21.733 -11.64
33.776 -18.203 -13.154
36.432 -15.667 -12.262
35.052 -12.146 -12.008
37.76 -9.963 -10.378
41.463 -9.824 -9.686
44.31 -7.753 -8.246
48.027 -8.274 -8.878
50.604 -6.228 -7.001
52.896 -6.291 -10.071
50.209 -5.186 -12.575
42.931 -1.522 -8.992
40.673 -4.468 -8.475
39.973 -5.304 -12.128
36.858 -6.964 -13.64
37.231 -10.301 -15.451
33.585 -11.124 -16.153
31.077 -8.907 -17.988
28.313 -8.75 -15.382
30.682 -7.214 -12.831
31.384 -4.347 -15.307
27.838 -3.176 -14.505
29.044 -2.032 -11.082
29.772 1.666 -10.688
32.687 3.698 -9.277
31.761 3.418 -5.558
32.073 -0.337 -5.91
35.509 -0.389 -7.645
36.947 2.176 -5.28
35.757 0.08 -2.343
37.053 -3.255 -3.638
40.409 -1.65 -4.491
40.628 -0.14 -1.007
39.853 -3.468 0.64
42.167 -5.552 -1.509
45.007 -3.087 -0.665
44.27 -3.448 3.073
44.373 -7.276 2.559
47.707 -6.888 0.811
48.968 -4.837 3.756
47.823 -7.282 6.427
49.597 -10.038 4.498
52.723 -7.961 4.176
52.791 -7.714 7.964
51.795 -11.371 8.404
54.943 -12.542 6.524
57.061 -10.724 9.142
55.22 -12.18 12.096
55.234 -15.737 10.777
58.974 -15.657 10.262
59.293 -14.528 13.873
56.913 -17.24 15.137
58.963 -19.969 13.423
62.378 -18.331 14.203
63.181 -18.26 10.482
66.132 -16.481 8.913
64.833 -13.446 7.167
66.57 -14.483 4.051
64.199 -16.757 2.27
61.133 -16.652 0.07
58.029 -17.682 1.974
54.409 -18.164 0.904
51.137 -17.327 2.622
47.784 -18.416 1.131
44.196 -17.524 2.184
40.808 -18.658 0.934
37.454 -17.507 2.273
33.89 -17.568 1.058
30.293 -18.642 1.438
27.982 -21.16 -0.203
24.229 -20.948 -0.708
21.823 -23.764 -1.544
19.152 -23.987 -4.26
16.976 -21.47 -2.399
19.874 -18.974 -2.389
20.138 -19.077 1.373
23.306 -19.59 3.414
24.521 -23.18 3.508
28.088 -22.926 4.629
31.063 -20.667 5.222
34.822 -21.063 5.33
38.116 -19.295 5.84
41.367 -21.242 5.396
44.98 -20.007 5.79
48.231 -21.745 4.743
51.897 -21.028 5.299
54.495 -22.518 2.932
51.876 -24.907 1.492
50.576 -26.399 4.752
47.469 -25.707 6.793
48.178 -23.079 9.407
44.685 -22.068 10.747
41.075 -22.645 9.614
37.617 -21.643 10.799
35.631 -24.799 11.591
32.21 -25.437 10.024
30.422 -24.095 13.159
31.815 -20.617 12.291
32.656 -20.228 15.939
36.046 -21.844 16.633
39.429 -22.567 14.986
41.677 -25.469 14.066
45.349 -24.566 14.505
47.852 -26.889 12.834
50.844 -26.191 15.086
52.156 -24.075 17.988
52.62 -20.953 15.887
48.956 -21.212 14.825
47.913 -21.707 18.466
49.396 -18.268 19.166
47.249 -16.831 16.388
44.261 -18.756 17.724
36.507 -12.237 19.003
37.442 -12.597 15.339
35.255 -15.618 14.465
32.211 -13.514 15.37
33.08 -10.694 12.993
33.95 -13.263 10.309
30.713 -15.195 10.988
28.524 -12.053 10.496
30.231 -11.573 7.059
29.961 -15.189 5.924
26.272 -15.335 6.95
25.431 -11.741 5.941
27.383 -9.681 3.436
28.931 -12.601 1.586
25.557 -14.215 0.87
23.853 -10.907 0.072
26.4 -10.123 -2.658
26.585 -13.677 -3.933
22.83 -13.291 -4.579
23.278 -9.85 -6.168
25.99 -11.209 -8.48
23.783 -14.193 -9.433
20.843 -11.962 -10.481
23.006 -9.414 -12.317
25.052 -12.102 -14.104
22.081 -14.416 -14.659
22.741 -14.989 -18.381
26.087 -16.722 -17.78
26.249 -17.768 -14.126
22.837 -19.511 -14.193
23.566 -21.199 -17.525
24.779 -24.666 -18.137
26.74 -25.522 -21.257
26.112 -29.204 -21.858
29.218 -31.101 -22.948
29.915 -31.873 -26.592
31.043 -35.461 -26.692
32.68 -38.002 -28.969
35.048 -40.941 -28.973
38.329 -41.748 -30.705
39.836 -45.125 -31.602
43.597 -45.766 -31.642
45.226 -49.137 -32.413
48.444 -49.532 -30.405
43.415 -50.354 -28.893
43.209 -47.146 -26.879
39.603 -45.888 -26.713
39.234 -42.294 -25.569
36.121 -40.463 -24.346
36.128 -36.682 -24.816
34.059 -34.031 -23.023
34.409 -30.502 -24.414
32.883 -27.066 -23.942
31.065 -27.672 -20.631
30.211 -25.527 -17.615
30.433 -25.856 -14.637
33.594 -27.941 -14.248
31.897 -30.758 -12.277
31.701 -33.889 -14.451
32.047 -37.663 -14.34
33.332 -39.719 -17.244
33.428 -43.456 -16.595
33.983 -46.504 -18.744
31.877 -49.674 -18.426
32.496 -53.122 -19.937
29.28 -55.133 -20.465
27.615 -52.618 -18.08
30.084 -53.243 -15.219
32.204 -50.326 -13.999
35.907 -50.084 -14.834
37.151 -47.522 -12.292
40.133 -49.896 -12.121
41.833 -49.509 -15.543
40.618 -46.212 -17.045
43.084 -43.305 -17.287
41.445 -40.01 -16.3
42.913 -36.545 -16.825
42.353 -33.779 -14.351
39.72 -31.388 -15.735
41.284 -28.455 -17.552
40.198 -24.986 -18.598
39.487 -24.306 -22.273
40.457 -20.639 -21.786
37.043 -19.411 -22.994
35.248 -20.039 -19.692
34.423 -23.693 -20.429
36.081 -26.992 -19.58
37.403 -30.219 -21.03
38.156 -33.744 -19.931
38.909 -37.17 -21.287
38.968 -40.747 -19.995
40.862 -43.464 -21.883
40.745 -47.279 -21.714
43.138 -49.735 -23.422
41.114 -52.659 -24.731
41.81 -56.062 -26.341
41.225 -55.998 -30.11
37.728 -57.099 -31.145
36.043 -56.058 -27.873
35.233 -52.369 -28.662
31.489 -52.908 -29.121
31.471 -54.129 -25.476
32.723 -50.847 -23.991
30.576 -47.777 -23.332
31.282 -44.288 -21.944
28.866 -42.578 -19.537
28.748 -38.852 -18.963
27.136 -37.132 -16.006
26.934 -33.358 -16.168
24.377 -30.889 -14.728
23.636 -29.589 -18.259
22.419 -32.977 -19.573
18.672 -33.871 -19.541
19.691 -37.439 -18.658
23.155 -39.114 -18.479
24.786 -40.112 -21.806
25.817 -43.561 -22.857
28.153 -43.466 -25.863
28.397 -46.754 -27.667
30.739 -48.354 -30.167
28.209 -48.988 -32.887
